{
    "camera_angle_x": 0.7941840528633455,
    "camera_angle_y": 1.1806751435966487,
    "fl_x": 858.431255140008,
    "fl_y": 955.1602083824351,
    "k1": -0.146151993950151,
    "k2": 0.061525767584324945,
    "k3": 0,
    "k4": 0,
    "p1": -0.0026084622166680834,
    "p2": 0.010937677463765566,
    "is_fisheye": false,
    "cx": 360.15895114246257,
    "cy": 688.4323936116742,
    "w": 720.0,
    "h": 1280.0,
    "aabb_scale": 16,
    "frames": [
      {
        "file_path": "./images/0001.jpg",
        "sharpness": 96.39952346894889,
        "transform_matrix": [
          [
            0.48260981930740743,
            0.2410548473527681,
            -0.8420096928973461,
            -4.54943561043326
          ],
          [
            -0.8663908955243929,
            0.27219974557392423,
            -0.4186575147591696,
            -2.59897778586009
          ],
          [
            0.1282754008640747,
            0.9315577594191623,
            0.34021399509541456,
            1.6661304977079772
          ],
          [
            0.0,
            0.0,
            0.0,
            1.0
          ]
        ]
      },
      {
        "file_path": "./images/0011.jpg",
        "sharpness": 50.82414683396611,
        "transform_matrix": [
          [
            0.6765722605367918,
            -0.09107831199087213,
            0.7307220520925223,
            2.971187947831143
          ],
          [
            0.6730102412863154,
            0.4791938223525628,
            -0.5634097050506582,
            -3.2729733757891446
          ],
          [
            -0.2988430883242353,
            0.8729708023465109,
            0.38550588435326655,
            1.3712629223021182
          ],
          [
            0.0,
            0.0,
            0.0,
            1.0
          ]
        ]
      },
      {
        "file_path": "./images/0018.jpg",
        "sharpness": 30.561935743991242,
        "transform_matrix": [
          [
            0.0587615988765201,
            -0.4100074369301316,
            0.9101873302879674,
            2.1663117118275608
          ],
          [
            0.9959092612831031,
            0.08677145045345944,
            -0.025208305757044747,
            0.1478601753012739
          ],
          [
            -0.0686426820006519,
            0.9079452720875815,
            0.4134290327991457,
            1.5369284011870046
          ],
          [
            0.0,
            0.0,
            0.0,
            1.0
          ]
        ]
      },
      {
        "file_path": "./images/0025.jpg",
        "sharpness": 18.626500617414635,
        "transform_matrix": [
          [
            -0.3873386610014883,
            -0.549383588549908,
            0.7403691203601604,
            1.6490635769579296
          ],
          [
            0.9219118922290974,
            -0.22482322431904803,
            0.3154884796244473,
            0.7577490777557735
          ],
          [
            -0.006872020256604737,
            0.8047559819583568,
            0.5935659903494349,
            1.9203713460837355
          ],
          [
            0.0,
            0.0,
            0.0,
            1.0
          ]
        ]
      },
      {
        "file_path": "./images/0024.jpg",
        "sharpness": 13.628981119272446,
        "transform_matrix": [
          [
            -0.35716738188804215,
            -0.5513521876743133,
            0.7539510770065047,
            1.6624117526594524
          ],
          [
            0.9337713399125446,
            -0.19139750997383248,
            0.3023872979080657,
            0.8142628960227254
          ],
          [
            -0.022417539445402108,
            0.8120207869148934,
            0.5831978185856004,
            1.8033165512418778
          ],
          [
            0.0,
            0.0,
            0.0,
            1.0
          ]
        ]
      },
      {
        "file_path": "./images/0034.jpg",
        "sharpness": 18.387787893672055,
        "transform_matrix": [
          [
            -0.9448561562807059,
            -0.008853660108739735,
            0.32736593698551975,
            1.3080607320725555
          ],
          [
            0.3133969502490176,
            -0.3144959112241876,
            0.8960327412546242,
            3.8900069785315816
          ],
          [
            0.09502207931865028,
            0.9492175380701825,
            0.2999281079219044,
            1.7327054642211155
          ],
          [
            0.0,
            0.0,
            0.0,
            1.0
          ]
        ]
      },
      {
        "file_path": "./images/0043.jpg",
        "sharpness": 21.220115584478258,
        "transform_matrix": [
          [
            -0.6997679700618246,
            0.4564149667172114,
            -0.5495545162123212,
            -2.1039304267883363
          ],
          [
            -0.6705780053055495,
            -0.15447485757677112,
            0.7255774646303867,
            3.032395566401158
          ],
          [
            0.24627205874746672,
            0.8762550408353258,
            0.41415839548491296,
            1.6893237652241029
          ],
          [
            0.0,
            0.0,
            0.0,
            1.0
          ]
        ]
      },
      {
        "file_path": "./images/0039.jpg",
        "sharpness": 38.55827310575793,
        "transform_matrix": [
          [
            -0.8594444461717958,
            0.38720192952334076,
            -0.3338111888105831,
            -0.9556154808792989
          ],
          [
            -0.42798203992561273,
            -0.1878033525551176,
            0.8840595422665617,
            5.309325781558731
          ],
          [
            0.2796187002000973,
            0.9026652572233241,
            0.32712201998647245,
            1.5169069082670648
          ],
          [
            0.0,
            0.0,
            0.0,
            1.0
          ]
        ]
      },
      {
        "file_path": "./images/0052.jpg",
        "sharpness": 36.84112069857444,
        "transform_matrix": [
          [
            0.2614131842922614,
            0.6922829207462924,
            -0.6726124476832417,
            -2.6325749188922423
          ],
          [
            -0.9624013297299179,
            0.24022431954031973,
            -0.12679099667512006,
            -0.540241941956523
          ],
          [
            0.07380262605647009,
            0.6804679522236791,
            0.7290518077910196,
            3.3017819584716785
          ],
          [
            0.0,
            0.0,
            0.0,
            1.0
          ]
        ]
      },
      {
        "file_path": "./images/0051.jpg",
        "sharpness": 39.20218839385306,
        "transform_matrix": [
          [
            0.22392537585930147,
            0.6286333389735898,
            -0.7447667764035015,
            -2.813361328242105
          ],
          [
            -0.9708032643539638,
            0.21131335846924343,
            -0.11352394661272651,
            0.05618938075802921
          ],
          [
            0.08601423118551814,
            0.748442910129185,
            0.6575977207766104,
            3.036647886800173
          ],
          [
            0.0,
            0.0,
            0.0,
            1.0
          ]
        ]
      }
    ]
  }