{
    "camera_angle_x": 0.6190827285169668,
    "camera_angle_y": 1.0352795225028297,
    "fl_x": 1125.6265409581058,
    "fl_y": 1123.9268724555845,
    "k1": -0.04825720120209138,
    "k2": 0.0902871681756544,
    "k3": 0,
    "k4": 0,
    "p1": -0.0028512053802142857,
    "p2": 0.001352324427509951,
    "is_fisheye": false,
    "cx": 360.4415575783281,
    "cy": 636.0227992875296,
    "w": 720.0,
    "h": 1280.0,
    "aabb_scale": 16,
    "frames": [
        {
            "file_path": "./train/0012.png",
            "sharpness": 27.117056172169583,
            "transform_matrix": [
              [
                -0.6879948182957351,
                0.2952428937884938,
                -0.6629440125110266,
                -2.2990830148314387
              ],
              [
                -0.7187466507538609,
                -0.15091573970488603,
                0.6786955809046147,
                2.6447392461789265
              ],
              [
                0.10033136127671442,
                0.9434278314922152,
                0.3160340879855875,
                0.8453854547466939
              ],
              [
                0.0,
                0.0,
                0.0,
                1.0
              ]
            ]
          },
          {
            "file_path": "./train/0013.png",
            "sharpness": 77.8875819524129,
            "transform_matrix": [
              [
                -0.6548690670361297,
                0.24075981528738868,
                -0.7163666773661492,
                -2.6934595385446523
              ],
              [
                -0.7515511522193107,
                -0.10777620753305393,
                0.6508111513239738,
                2.745379281118257
              ],
              [
                0.07948188889015453,
                0.9645822932702895,
                0.25152262106320905,
                0.8396588890565173
              ],
              [
                0.0,
                0.0,
                0.0,
                1.0
              ]
            ]
          },
          {
            "file_path": "./train/0007.png",
            "sharpness": 69.41862374672596,
            "transform_matrix": [
              [
                -0.8616007150689932,
                0.23118452145802018,
                -0.45188264504119957,
                -1.6382164563745432
              ],
              [
                -0.48821066272058616,
                -0.1338178008111775,
                0.8624054411887739,
                3.624662766645233
              ],
              [
                0.13890484743986828,
                0.9636630704151345,
                0.2281642612996325,
                0.7078095398674337
              ],
              [
                0.0,
                0.0,
                0.0,
                1.0
              ]
            ]
          },
          {
            "file_path": "./train/0006.png",
            "sharpness": 100.61470160234123,
            "transform_matrix": [
              [
                -0.881724803327516,
                0.23468559210388135,
                -0.4092481449127297,
                -1.66921626825649
              ],
              [
                -0.44588114601686446,
                -0.13117344306564938,
                0.8854284451388544,
                3.8150250300407467
              ],
              [
                0.1541148106765984,
                0.9631802535096078,
                0.22030075904977767,
                0.7234137643415914
              ],
              [
                0.0,
                0.0,
                0.0,
                1.0
              ]
            ]
          },
          {
            "file_path": "./train/0003.png",
            "sharpness": 101.86944732213782,
            "transform_matrix": [
              [
                -0.9144617804495005,
                0.2504848243206414,
                -0.31783172425167355,
                -1.1110143268968298
              ],
              [
                -0.35715329768504583,
                -0.13029164752076833,
                0.9249138384406618,
                3.8119541065062332
              ],
              [
                0.19026606134642235,
                0.9593130038882394,
                0.20860821299571725,
                0.6618346821773738
              ],
              [
                0.0,
                0.0,
                0.0,
                1.0
              ]
            ]
          },
          {
            "file_path": "./train/0004.png",
            "sharpness": 104.49947590839597,
            "transform_matrix": [
              [
                -0.8953198454344352,
                0.24438064979910465,
                -0.37239827125489144,
                -1.375039425053766
              ],
              [
                -0.41117412532202474,
                -0.13194677599280533,
                0.9019566990553318,
                3.8390421099302805
              ],
              [
                0.17128401292842027,
                0.9606602658414376,
                0.21861756701422552,
                0.6863484023513713
              ],
              [
                0.0,
                0.0,
                0.0,
                1.0
              ]
            ]
          },
          {
            "file_path": "./train/0014.png",
            "sharpness": 69.17244986639024,
            "transform_matrix": [
              [
                -0.654669797381015,
                0.2302210768961553,
                -0.720003966800517,
                -2.9232393328162725
              ],
              [
                -0.7520392153021179,
                -0.10203355509238306,
                0.6511729204159229,
                2.7412089035042313
              ],
              [
                0.07644916657049329,
                0.96777446207577,
                0.23993356485338857,
                0.8300467979084296
              ],
              [
                0.0,
                0.0,
                0.0,
                1.0
              ]
            ]
          },
          {
            "file_path": "./train/0001.png",
            "sharpness": 140.04688521291482,
            "transform_matrix": [
              [
                -0.9331305730855509,
                0.2570012378322572,
                -0.2514312975433328,
                -0.7463231295013096
              ],
              [
                -0.28998343928526515,
                -0.12455734841952742,
                0.948891496376168,
                3.8766156743146944
              ],
              [
                0.21254867340549935,
                0.9583505782150729,
                0.19075437275989873,
                0.6632580281541727
              ],
              [
                0.0,
                0.0,
                0.0,
                1.0
              ]
            ]
          },
          {
            "file_path": "./train/0017.png",
            "sharpness": 22.56950837194655,
            "transform_matrix": [
              [
                -0.5985242639910577,
                0.21944159771602642,
                -0.7704635557016344,
                -3.5485081739486386
              ],
              [
                -0.798744431194835,
                -0.08969493285773689,
                0.5949471847608858,
                2.827469071656522
              ],
              [
                0.061449483882589355,
                0.9714938004278134,
                0.22896234782057792,
                0.8854882006916042
              ],
              [
                0.0,
                0.0,
                0.0,
                1.0
              ]
            ]
          },
          {
            "file_path": "./train/0018.png",
            "sharpness": 63.78905064843731,
            "transform_matrix": [
              [
                -0.5716950653481878,
                0.22058587324705883,
                -0.7902573155871254,
                -3.5317526324696273
              ],
              [
                -0.8185059405048637,
                -0.08679474325298102,
                0.56790377521365,
                2.7091462099164594
              ],
              [
                0.056681369365629924,
                0.9714980932177393,
                0.23017097406006273,
                0.7689252122323028
              ],
              [
                0.0,
                0.0,
                0.0,
                1.0
              ]
            ]
          },
          {
            "file_path": "./train/0019.png",
            "sharpness": 41.27356069772509,
            "transform_matrix": [
              [
                -0.5740924239760057,
                0.22595067237374752,
                -0.7869969392861772,
                -3.4279834169266516
              ],
              [
                -0.8163593972932551,
                -0.08394119409930881,
                0.571411594548267,
                2.518561584537581
              ],
              [
                0.06304937115415324,
                0.9705154144295097,
                0.23264695830895116,
                0.7309350401922063
              ],
              [
                0.0,
                0.0,
                0.0,
                1.0
              ]
            ]
          },
          {
            "file_path": "./train/0026.png",
            "sharpness": 67.40853948861107,
            "transform_matrix": [
              [
                -0.236496127719774,
                0.2560327418435731,
                -0.9372922792470982,
                -3.7817449934066953
              ],
              [
                -0.9705301125269074,
                -0.016310370650113596,
                0.2404272706823886,
                1.1128728791441573
              ],
              [
                0.04626966884476892,
                0.9665304997629067,
                0.2523448252524419,
                0.9851873506796848
              ],
              [
                0.0,
                0.0,
                0.0,
                1.0
              ]
            ]
          },
          {
            "file_path": "./train/0030.png",
            "sharpness": 46.226579742050184,
            "transform_matrix": [
              [
                -0.1760556822931989,
                0.24747180092304127,
                -0.9527655034365953,
                -3.901596651017695
              ],
              [
                -0.9840093614681186,
                -0.017678235974310834,
                0.17723728872886874,
                0.9276279899364943
              ],
              [
                0.027018017634514956,
                0.9687338064604524,
                0.2466269227038447,
                0.8734934480687803
              ],
              [
                0.0,
                0.0,
                0.0,
                1.0
              ]
            ]
          },
          {
            "file_path": "./train/0025.png",
            "sharpness": 101.59118685630042,
            "transform_matrix": [
              [
                -0.2714190336115194,
                0.26412399973615514,
                -0.9255107892484937,
                -3.514933405841737
              ],
              [
                -0.9608021772154702,
                -0.017918076210187345,
                0.27665523454826635,
                1.1944943409018034
              ],
              [
                0.05648791424172714,
                0.9643222777510199,
                0.258634220930503,
                0.9951245787892657
              ],
              [
                0.0,
                0.0,
                0.0,
                1.0
              ]
            ]
          },
          {
            "file_path": "./train/0029.png",
            "sharpness": 51.263602391556184,
            "transform_matrix": [
              [
                -0.2111905652832512,
                0.248075398353988,
                -0.945440184213394,
                -3.927085084656331
              ],
              [
                -0.9768137496096221,
                -0.018811180737397747,
                0.2132628379555938,
                0.9597826551736578
              ],
              [
                0.03512041729829915,
                0.9685580706748497,
                0.24629620394563626,
                0.902619367474778
              ],
              [
                0.0,
                0.0,
                0.0,
                1.0
              ]
            ]
          },
          {
            "file_path": "./train/0031.png",
            "sharpness": 42.33793701509902,
            "transform_matrix": [
              [
                -0.16469768865394435,
                0.25584277596498883,
                -0.9525855055569464,
                -3.8690523532772727
              ],
              [
                -0.9859728234749583,
                -0.01620800175588163,
                0.1661171034177966,
                0.8699018511800546
              ],
              [
                0.02706035332697783,
                0.966582523494102,
                0.254923444610764,
                0.8641363582420709
              ],
              [
                0.0,
                0.0,
                0.0,
                1.0
              ]
            ]
          },
          {
            "file_path": "./train/0039.png",
            "sharpness": 95.89430212583068,
            "transform_matrix": [
              [
                0.07741241183857538,
                0.226452951522508,
                -0.9709409762177538,
                -4.130341557564848
              ],
              [
                -0.9966345843896018,
                -0.00875745438559228,
                -0.08150344895320423,
                -0.26000479012764427
              ],
              [
                -0.026959667885046584,
                0.9739827348562455,
                0.22501290755887857,
                1.0550456238477441
              ],
              [
                0.0,
                0.0,
                0.0,
                1.0
              ]
            ]
          },
          {
            "file_path": "./train/0047.png",
            "sharpness": 30.038308792448646,
            "transform_matrix": [
              [
                0.36661968807502293,
                0.4973043133977381,
                -0.7863068257686575,
                -3.222065513955224
              ],
              [
                -0.9266690474169461,
                0.11986862410542572,
                -0.3562527045714305,
                -1.2619586929927709
              ],
              [
                -0.08291248931338872,
                0.8592554526383466,
                0.5047827119521344,
                1.644781545019448
              ],
              [
                0.0,
                0.0,
                0.0,
                1.0
              ]
            ]
          },
          {
            "file_path": "./train/0045.png",
            "sharpness": 38.75181627803378,
            "transform_matrix": [
              [
                0.330350700053559,
                0.43296569538860774,
                -0.8386948918703323,
                -3.333242531232011
              ],
              [
                -0.9378595283525195,
                0.0505525986057182,
                -0.3433131804236717,
                -1.15969460252424
              ],
              [
                -0.10624462367682234,
                0.8999917452117513,
                0.4227610892089061,
                1.820859832362517
              ],
              [
                0.0,
                0.0,
                0.0,
                1.0
              ]
            ]
          },
          {
            "file_path": "./train/0040.png",
            "sharpness": 133.22135524198626,
            "transform_matrix": [
              [
                0.08083071233598925,
                0.238847696988145,
                -0.9676870225673798,
                -3.8042281705261964
              ],
              [
                -0.9965408173782699,
                0.0005590882855999536,
                -0.08310286829800705,
                -0.18877774776805797
              ],
              [
                -0.019307906227643598,
                0.9710568804773336,
                0.2380666706898674,
                0.9724145543673343
              ],
              [
                0.0,
                0.0,
                0.0,
                1.0
              ]
            ]
          },
          {
            "file_path": "./train/0051.png",
            "sharpness": 62.618537258572054,
            "transform_matrix": [
              [
                0.583331321440127,
                0.47910543262040006,
                -0.65588303371801,
                -2.60272996649319
              ],
              [
                -0.8078991798667827,
                0.25892975135498525,
                -0.5293904976799673,
                -1.739529694395564
              ],
              [
                -0.0838062325775319,
                0.8386974235988197,
                0.5381107201018085,
                1.8666845047247989
              ],
              [
                0.0,
                0.0,
                0.0,
                1.0
              ]
            ]
          },
          {
            "file_path": "./train/0050.png",
            "sharpness": 93.54232645123801,
            "transform_matrix": [
              [
                0.5313958803634873,
                0.48104553864423605,
                -0.6972901893342517,
                -2.666527241829269
              ],
              [
                -0.8435146911377625,
                0.22457294341604372,
                -0.487903636920486,
                -1.7610762495299785
              ],
              [
                -0.07811135759497374,
                0.8474445013635825,
                0.5251061159250798,
                1.8014591805693525
              ],
              [
                0.0,
                0.0,
                0.0,
                1.0
              ]
            ]
          },
          {
            "file_path": "./train/0052.png",
            "sharpness": 67.03663380834789,
            "transform_matrix": [
              [
                0.6503850742957592,
                0.4615979961751873,
                -0.6032632469485917,
                -2.324838391046387
              ],
              [
                -0.7545977096673265,
                0.3015865967021959,
                -0.5827759614589731,
                -2.081840344159901
              ],
              [
                -0.08707210646578789,
                0.8342498514651587,
                0.5444682118035867,
                1.8616139181941505
              ],
              [
                0.0,
                0.0,
                0.0,
                1.0
              ]
            ]
          },
          {
            "file_path": "./train/0053.png",
            "sharpness": 91.55495105356174,
            "transform_matrix": [
              [
                0.7769870162900124,
                0.39766824318117033,
                -0.48800732058090174,
                -2.0217266646873484
              ],
              [
                -0.617703915537283,
                0.33214423403290616,
                -0.7128268236595906,
                -2.5952356775976217
              ],
              [
                -0.12137977296032869,
                0.8553012195804338,
                0.5037129882770007,
                1.8408194183180198
              ],
              [
                0.0,
                0.0,
                0.0,
                1.0
              ]
            ]
          },
          {
            "file_path": "./train/0054.png",
            "sharpness": 111.85012786638698,
            "transform_matrix": [
              [
                0.7982712588553539,
                0.38232769224021246,
                -0.4653907316335036,
                -1.8995704619689093
              ],
              [
                -0.5892388824735418,
                0.3357087265809316,
                -0.7349130494682752,
                -2.9352800075070347
              ],
              [
                -0.12474188032117114,
                0.8608862797695367,
                0.49326896989079894,
                1.8300253681168281
              ],
              [
                0.0,
                0.0,
                0.0,
                1.0
              ]
            ]
          },
          {
            "file_path": "./train/0059.png",
            "sharpness": 35.18394920310975,
            "transform_matrix": [
              [
                0.9042698986965845,
                0.2744431979704542,
                -0.3270732050438016,
                -1.0850637481149084
              ],
              [
                -0.42436367350783966,
                0.4933393768070123,
                -0.7592968667778228,
                -2.7369148834074246
              ],
              [
                -0.047025769180870286,
                0.8254072876001863,
                0.5625756719482943,
                1.8692623216107325
              ],
              [
                0.0,
                0.0,
                0.0,
                1.0
              ]
            ]
          },
          {
            "file_path": "./train/0056.png",
            "sharpness": 112.38232960466802,
            "transform_matrix": [
              [
                0.8275901186362947,
                0.35599858618983726,
                -0.4340041500089672,
                -1.729897771063269
              ],
              [
                -0.5482560726355407,
                0.3467177599826624,
                -0.7610532660273364,
                -2.9950629745587194
              ],
              [
                -0.12045694000660119,
                0.8677855735115455,
                0.4821185788456074,
                1.8980403164289965
              ],
              [
                0.0,
                0.0,
                0.0,
                1.0
              ]
            ]
          },
          {
            "file_path": "./train/0061.png",
            "sharpness": 75.80577346519071,
            "transform_matrix": [
              [
                0.9693618913016583,
                0.14147476796137848,
                -0.2008044167366652,
                -0.9245645038155774
              ],
              [
                -0.2456354188771051,
                0.5553907083056808,
                -0.7944837330750087,
                -2.7643329283719233
              ],
              [
                -0.0008744945435908325,
                0.8194669311194758,
                0.5731258013032967,
                1.9106987525212122
              ],
              [
                0.0,
                0.0,
                0.0,
                1.0
              ]
            ]
          },
          {
            "file_path": "./train/0064.png",
            "sharpness": 60.24273071686429,
            "transform_matrix": [
              [
                0.9857814698524641,
                0.0659448484340188,
                -0.15455151477463727,
                -0.5956648811120576
              ],
              [
                -0.16546796182466814,
                0.5410471800974546,
                -0.8245533957956881,
                -2.9240194687803114
              ],
              [
                0.029244612537105433,
                0.8384027826259887,
                0.5442660441192136,
                1.949897432709451
              ],
              [
                0.0,
                0.0,
                0.0,
                1.0
              ]
            ]
          },
          {
            "file_path": "./train/0066.png",
            "sharpness": 32.11195798164533,
            "transform_matrix": [
              [
                0.9971121731591824,
                -0.06940295898348854,
                -0.030830885175652935,
                -0.08781123704277002
              ],
              [
                0.016329382424406094,
                0.5924165924342379,
                -0.8054662825210387,
                -2.725100899937238
              ],
              [
                0.07416647130588236,
                0.8026367860564848,
                0.5918391033562875,
                1.740983984949015
              ],
              [
                0.0,
                0.0,
                0.0,
                1.0
              ]
            ]
          },
          {
            "file_path": "./train/0065.png",
            "sharpness": 42.276043788763886,
            "transform_matrix": [
              [
                0.9936254943384927,
                0.02934806002883434,
                -0.10884423931350552,
                -0.293914722626214
              ],
              [
                -0.10742357662012025,
                0.5392756648351518,
                -0.8352496228689744,
                -2.883719231245179
              ],
              [
                0.03418409344824726,
                0.8416177569007777,
                0.5389907226317066,
                1.859981318312388
              ],
              [
                0.0,
                0.0,
                0.0,
                1.0
              ]
            ]
          },
          {
            "file_path": "./train/0078.png",
            "sharpness": 14.689674451244029,
            "transform_matrix": [
              [
                0.9615108237769361,
                -0.17223009501978992,
                0.2140881364949435,
                0.7418757955023138
              ],
              [
                0.2743555069409958,
                0.6444230369293754,
                -0.7137562646211161,
                -1.8980078966140244
              ],
              [
                -0.015033017813957097,
                0.7450206331899212,
                0.666872000128449,
                2.4803256634434776
              ],
              [
                0.0,
                0.0,
                0.0,
                1.0
              ]
            ]
          },
          {
            "file_path": "./train/0073.png",
            "sharpness": 47.076353032118035,
            "transform_matrix": [
              [
                0.9654252700204002,
                -0.24599504507243583,
                0.0862582509934734,
                0.5111228128290287
              ],
              [
                0.23710270926421667,
                0.6911250151556406,
                -0.6827360534538232,
                -2.0572698997498033
              ],
              [
                0.10833445121678704,
                0.6795827037652652,
                0.7255556460267354,
                2.3175060675600254
              ],
              [
                0.0,
                0.0,
                0.0,
                1.0
              ]
            ]
          },
          {
            "file_path": "./train/0075.png",
            "sharpness": 104.8399413610199,
            "transform_matrix": [
              [
                0.9654654545449946,
                -0.2560436886857685,
                0.04814650166957222,
                0.6524800504192148
              ],
              [
                0.22653829175655005,
                0.7337653505829912,
                -0.6405222967640256,
                -2.233040485218454
              ],
              [
                0.12867345687202328,
                0.6293091766337626,
                0.766428797579895,
                2.4549686099978016
              ],
              [
                0.0,
                0.0,
                0.0,
                1.0
              ]
            ]
          },
          {
            "file_path": "./train/0097.png",
            "sharpness": 49.83797410809436,
            "transform_matrix": [
              [
                0.49876828862722394,
                -0.2892056158926614,
                0.817061996457198,
                3.4628959785691524
              ],
              [
                0.8655215355952384,
                0.21606529218491427,
                -0.451871951922142,
                -1.826216800173024
              ],
              [
                -0.04585483283745168,
                0.9325641539889952,
                0.3580802047849938,
                1.6619883812191896
              ],
              [
                0.0,
                0.0,
                0.0,
                1.0
              ]
            ]
          },
          {
            "file_path": "./train/0096.png",
            "sharpness": 53.00734914010954,
            "transform_matrix": [
              [
                0.5242784560683159,
                -0.2837814881392356,
                0.8028699568116309,
                3.119354380997914
              ],
              [
                0.8500832348998604,
                0.2296736509321932,
                -0.47392880035896157,
                -2.0625932140816854
              ],
              [
                -0.04990585396679071,
                0.9309769498288475,
                0.3616508325524014,
                1.6417332902668325
              ],
              [
                0.0,
                0.0,
                0.0,
                1.0
              ]
            ]
          },
          {
            "file_path": "./train/0095.png",
            "sharpness": 102.0815116874365,
            "transform_matrix": [
              [
                0.6526807086847578,
                -0.24571609141170977,
                0.716680887836923,
                2.5758923719959212
              ],
              [
                0.7563855760841254,
                0.2655912826804751,
                -0.5977810057671991,
                -2.2220188906302902
              ],
              [
                -0.04345978401591323,
                0.9322472166974364,
                0.359202413955972,
                1.563343932327243
              ],
              [
                0.0,
                0.0,
                0.0,
                1.0
              ]
            ]
          },
          {
            "file_path": "./train/0099.png",
            "sharpness": 68.46078012804455,
            "transform_matrix": [
              [
                0.4856355966946254,
                -0.292996675060476,
                0.8235963912531229,
                3.505181373410493
              ],
              [
                0.8732667830476516,
                0.20521869009218574,
                -0.4419167510543945,
                -1.90270991152451
              ],
              [
                -0.03953723386515147,
                0.9338298762069206,
                0.3555257648895281,
                1.6552544145138857
              ],
              [
                0.0,
                0.0,
                0.0,
                1.0
              ]
            ]
          },
          {
            "file_path": "./train/0103.png",
            "sharpness": 51.04131930185951,
            "transform_matrix": [
              [
                0.30732954947260566,
                -0.40491048187339296,
                0.861159712102597,
                3.7839936319437197
              ],
              [
                0.9507294168442596,
                0.16942043729276265,
                -0.25963491940515515,
                -1.0480500519092812
              ],
              [
                -0.04076915467583066,
                0.8985233537052154,
                0.4370282129702556,
                1.7663853228987587
              ],
              [
                0.0,
                0.0,
                0.0,
                1.0
              ]
            ]
          },
          {
            "file_path": "./train/0101.png",
            "sharpness": 69.6139039151745,
            "transform_matrix": [
              [
                0.3860308092807604,
                -0.3687897840442144,
                0.8455615350341268,
                3.528979612237084
              ],
              [
                0.920562945782772,
                0.21315809647096487,
                -0.32730335892049517,
                -1.4673590782599404
              ],
              [
                -0.059532152203706105,
                0.9047417980560079,
                0.42177980245976743,
                1.67004711807189
              ],
              [
                0.0,
                0.0,
                0.0,
                1.0
              ]
            ]
          },
          {
            "file_path": "./train/0105.png",
            "sharpness": 68.86306503292955,
            "transform_matrix": [
              [
                0.18543697088443217,
                -0.4019086436238351,
                0.8967065138986453,
                3.755465944594027
              ],
              [
                0.9826431477513984,
                0.08053934559663639,
                -0.16711031682127733,
                -0.6705123248314593
              ],
              [
                -0.0050570750524490974,
                0.9121309423814231,
                0.40986774696347494,
                1.8612386526735183
              ],
              [
                0.0,
                0.0,
                0.0,
                1.0
              ]
            ]
          },
          {
            "file_path": "./train/0107.png",
            "sharpness": 38.34268545912636,
            "transform_matrix": [
              [
                0.053545755043031,
                -0.4160191369184336,
                0.9077780179609545,
                4.1522560269321325
              ],
              [
                0.9985230430667604,
                0.013934286467766344,
                -0.052512552074233027,
                -0.2569196442036175
              ],
              [
                0.009196987639897639,
                0.909249093173536,
                0.416150816459704,
                1.8323639218402374
              ],
              [
                0.0,
                0.0,
                0.0,
                1.0
              ]
            ]
          },
          {
            "file_path": "./train/0108.png",
            "sharpness": 85.95700126409524,
            "transform_matrix": [
              [
                0.05024973915911645,
                -0.41186755103263517,
                0.9098571779017992,
                4.315189880120492
              ],
              [
                0.998621654803036,
                0.006893823368031908,
                -0.05203139204206269,
                -0.2802655072646781
              ],
              [
                0.015157647342592315,
                0.9112176445089146,
                0.41164626819793654,
                1.8083879583831408
              ],
              [
                0.0,
                0.0,
                0.0,
                1.0
              ]
            ]
          },
          {
            "file_path": "./train/0106.png",
            "sharpness": 47.08620353775968,
            "transform_matrix": [
              [
                0.08854337050494634,
                -0.408747570728597,
                0.9083421684705056,
                3.8229476697341087
              ],
              [
                0.9960696143174556,
                0.03420801409752646,
                -0.08170150062879535,
                -0.2991602750549832
              ],
              [
                0.0023227082024842136,
                0.9120061596576834,
                0.4101699279953063,
                1.8211895413759793
              ],
              [
                0.0,
                0.0,
                0.0,
                1.0
              ]
            ]
          },
          {
            "file_path": "./train/0112.png",
            "sharpness": 57.901445764554595,
            "transform_matrix": [
              [
                -0.19672336382752767,
                -0.3363558907007199,
                0.9209585403121648,
                4.678682182619774
              ],
              [
                0.9790535308710978,
                -0.117668304971175,
                0.16615761702090312,
                0.5435312133723732
              ],
              [
                0.052479537117485035,
                0.9343547960244354,
                0.35245852718964593,
                1.6376901299239004
              ],
              [
                0.0,
                0.0,
                0.0,
                1.0
              ]
            ]
          },
          {
            "file_path": "./train/0113.png",
            "sharpness": 49.818830127686624,
            "transform_matrix": [
              [
                -0.22564327775747742,
                -0.3338203488879754,
                0.9152317116062894,
                4.681486928499374
              ],
              [
                0.9720960484668634,
                -0.13900608160405006,
                0.1889618528492358,
                0.7070670342967625
              ],
              [
                0.0641434623455081,
                0.9323311021320654,
                0.35587122993319187,
                1.6548191087141904
              ],
              [
                0.0,
                0.0,
                0.0,
                1.0
              ]
            ]
          },
          {
            "file_path": "./train/0114.png",
            "sharpness": 62.179400993625045,
            "transform_matrix": [
              [
                -0.21141216935920792,
                -0.33318206846750614,
                0.9188550505695409,
                4.487215881599511
              ],
              [
                0.9745342496893883,
                -0.14375661862205003,
                0.17209599293625086,
                0.6007178023954101
              ],
              [
                0.07475219617220057,
                0.9318389044847719,
                0.35508923570657147,
                1.6612940279156585
              ],
              [
                0.0,
                0.0,
                0.0,
                1.0
              ]
            ]
          },
          {
            "file_path": "./train/0115.png",
            "sharpness": 57.76631935345216,
            "transform_matrix": [
              [
                -0.18035917283105005,
                -0.3310405075695279,
                0.926219602028814,
                4.107096354237175
              ],
              [
                0.979120970528029,
                -0.15019641276567494,
                0.13697869419947087,
                0.6431710893132913
              ],
              [
                0.09376936520397494,
                0.9315863996418309,
                0.35121800382417556,
                1.6648599568831848
              ],
              [
                0.0,
                0.0,
                0.0,
                1.0
              ]
            ]
          },
          {
            "file_path": "./train/0119.png",
            "sharpness": 97.69685975710554,
            "transform_matrix": [
              [
                -0.4423761338511983,
                -0.292825894605308,
                0.8476770326640174,
                3.7156474256138092
              ],
              [
                0.8883264634475869,
                -0.272920734724926,
                0.36931066447630223,
                1.7366800149417616
              ],
              [
                0.12320491285155481,
