{
    "camera_angle_x": 0.5986687708327105,
    "camera_angle_y": 1.0035170648347875,
    "fl_x": 881.3796120372045,
    "fl_y": 874.9734919185049,
    "k1": -0.00989805947327873,
    "k2": -0.0007959292421712593,
    "k3": 0,
    "k4": 0,
    "p1": 0.008769949954322271,
    "p2": 0.008797169578800314,
    "is_fisheye": false,
    "cx": 271.4953765708555,
    "cy": 492.6004926458571,
    "w": 544.0,
    "h": 960.0,
    "aabb_scale": 16,
    "frames": [
      {
        "file_path": "./train/0083.jpg",
        "sharpness": 14.44685966019445,
        "transform_matrix": [
            [
            0.819209621272841,
            -0.15268926273237843,
            0.5527943427975258,
            1.6885234632790518
            ],
            [
            0.49581212465359714,
            0.6729800259459633,
            -0.5488790592821814,
            -1.5591643094825314
            ],
            [
            -0.288211612267623,
            0.7237291438780793,
            0.6270168999465112,
            1.736242222816546
            ],
            [
            0.0,
            0.0,
            0.0,
            1.0
            ]
        ]
      },
      {
        "file_path": "./train/0007.jpg",
        "sharpness": 9.057841059187204,
        "transform_matrix": [
          [
            0.7997397659408398,
            0.075746037977002,
            0.5955491956777162,
            2.896497127368594
          ],
          [
            0.5864410632025829,
            -0.310840471944194,
            -0.7479739837625174,
            -4.101630601831574
          ],
          [
            0.12846472727056138,
            0.9474390422067562,
            -0.29301207332220625,
            -1.5807039301574526
          ],
          [
            0.0,
            0.0,
            0.0,
            1.0
          ]
        ]
      },
      {
        "file_path": "./train/0013.jpg",
        "sharpness": 16.082090609061723,
        "transform_matrix": [
          [
            0.9469647665449996,
            -0.03837765149582104,
            0.31903743786072664,
            1.7386730675760782
          ],
          [
            0.30335677704576314,
            -0.22068921281536985,
            -0.9269686818666397,
            -4.7970064417476905
          ],
          [
            0.10598300204033478,
            0.9745888503247364,
            -0.19734278822434878,
            -1.3355713102193365
          ],
          [
            0.0,
            0.0,
            0.0,
            1.0
          ]
        ]
      },
      {
        "file_path": "./train/0009.jpg",
        "sharpness": 17.932125069168325,
        "transform_matrix": [
          [
            0.886376515701509,
            0.04239573411162786,
            0.461019819650616,
            2.4596276497104634
          ],
          [
            0.451146420565807,
            -0.30266387357257174,
            -0.8395602937484253,
            -4.442954735507143
          ],
          [
            0.10394026942474537,
            0.952153969339334,
            -0.28740083337769873,
            -1.4965652064556425
          ],
          [
            0.0,
            0.0,
            0.0,
            1.0
          ]
        ]
      },
      {
        "file_path": "./train/0005.jpg",
        "sharpness": 12.827322073540106,
        "transform_matrix": [
          [
            0.7501237308236847,
            0.10993958562786345,
            0.6520948366118441,
            3.535514093949391
          ],
          [
            0.6470726490861927,
            -0.3254501779205127,
            -0.6894774604657645,
            -3.9637573167685476
          ],
          [
            0.13642351429301455,
            0.9391461383452725,
            -0.31526680057062684,
            -1.6620313148536103
          ],
          [
            0.0,
            0.0,
            0.0,
            1.0
          ]
        ]
      },
      {
        "file_path": "./train/0008.jpg",
        "sharpness": 15.082525260717032,
        "transform_matrix": [
          [
            0.872700630708388,
            0.04871955103085582,
            0.48581891119760995,
            2.7259859331555982
          ],
          [
            0.47559434659077277,
            -0.3099476956166158,
            -0.8232511424025366,
            -4.285315168275355
          ],
          [
            0.11047002596918176,
            0.9495045188385627,
            -0.29366229248994774,
            -1.4543727082304114
          ],
          [
            0.0,
            0.0,
            0.0,
            1.0
          ]
        ]
      },
      {
        "file_path": "./train/0003.jpg",
        "sharpness": 16.112586425079467,
        "transform_matrix": [
          [
            0.701056573506384,
            0.11986190751361311,
            0.7029600300439446,
            4.055940795254354
          ],
          [
            0.6956280321737082,
            -0.33185805327672996,
            -0.6371592213283499,
            -3.7941336286255525
          ],
          [
            0.15691182744343068,
            0.9356833628786888,
            -0.3160305725769651,
            -1.7329768513486385
          ],
          [
            0.0,
            0.0,
            0.0,
            1.0
          ]
        ]
      },
      {
        "file_path": "./train/0002.jpg",
        "sharpness": 16.447644775050364,
        "transform_matrix": [
          [
            0.6960960074725954,
            0.11807901781739448,
            0.7081720793004264,
            4.2282020326900165
          ],
          [
            0.7000935745013372,
            -0.33025183548266007,
            -0.6330898136098153,
            -3.81927838021881
          ],
          [
            0.15912050564529337,
            0.9364780139848421,
            -0.3125533457973628,
            -1.7473953576462784
          ],
          [
            0.0,
            0.0,
            0.0,
            1.0
          ]
        ]
      },
      {
        "file_path": "./train/0011.jpg",
        "sharpness": 14.602316908610867,
        "transform_matrix": [
          [
            0.9343899956874427,
            -0.0010134343802405573,
            0.35625034579446396,
            2.049975632729485
          ],
          [
            0.34330151541658394,
            -0.26461061286814014,
            -0.9011799448858481,
            -4.7158291009994295
          ],
          [
            0.09518090907409059,
            0.9643548083944191,
            -0.24690159585820126,
            -1.4315417641987542
          ],
          [
            0.0,
            0.0,
            0.0,
            1.0
          ]
        ]
      },
      {
        "file_path": "./train/0020.jpg",
        "sharpness": 19.190278413762314,
        "transform_matrix": [
          [
            0.8905740600662309,
            0.01614943634806875,
            0.45455147036555354,
            1.896154010857915
          ],
          [
            0.4527715250326216,
            -0.1266384145492336,
            -0.8825874789924945,
            -4.492417385539952
          ],
          [
            0.04331038722452492,
            0.9918174769731972,
            -0.12009289192919378,
            -1.1455423375993787
          ],
          [
            0.0,
            0.0,
            0.0,
            1.0
          ]
        ]
      },
      {
        "file_path": "./train/0016.jpg",
        "sharpness": 16.629940254053025,
        "transform_matrix": [
          [
            0.9120274731372806,
            -0.02284997948246897,
            0.40949208374420965,
            1.6692965550760206
          ],
          [
            0.3975722965324511,
            -0.19591413957751003,
            -0.8964116905405419,
            -4.529708466208652
          ],
          [
            0.10070827798724533,
            0.980354797160453,
            -0.16959455885217642,
            -1.2554375518105025
          ],
          [
            0.0,
            0.0,
            0.0,
            1.0
          ]
        ]
      },
      {
        "file_path": "./train/0104.jpg",
        "sharpness": 15.16622241413625,
        "transform_matrix": [
          [
            0.5685684347245249,
            -0.25193175627077874,
            0.7831093954141544,
            2.5070086244186918
          ],
          [
            0.8077479351881764,
            -0.009317137055534268,
            -0.5894543783454002,
            -1.8195806880874101
          ],
          [
            0.1557986143446071,
            0.9677001504096063,
            0.19819992590427338,
            0.4661982743573228
          ],
          [
            0.0,
            0.0,
            0.0,
            1.0
          ]
        ]
      },
      {
        "file_path": "./train/0018.jpg",
        "sharpness": 14.993464687040154,
        "transform_matrix": [
          [
            0.8862040255638499,
            -0.011608184493187089,
            0.4631497329113952,
            1.6979123805811678
          ],
          [
            0.45397625300996475,
            -0.1777398138461322,
            -0.8731060189182127,
            -4.510848264107254
          ],
          [
            0.09245532306027196,
            0.9840090490390286,
            -0.1522438984329462,
            -1.2388899844950463
          ],
          [
            0.0,
            0.0,
            0.0,
            1.0
          ]
        ]
      },
      {
        "file_path": "./train/0130.jpg",
        "sharpness": 9.152700975264832,
        "transform_matrix": [
          [
            0.4697371929164671,
            -0.01119402127017676,
            0.8827353303496231,
            3.722850788961941
          ],
          [
            0.8336869415849008,
            -0.3232623919380528,
            -0.4477359817833933,
            -1.9962607551712601
          ],
          [
            0.2903671004405531,
            0.9462431610387441,
            -0.1425160592076737,
            -0.6525895737967782
          ],
          [
            0.0,
            0.0,
            0.0,
            1.0
          ]
        ]
      },
      {
        "file_path": "./train/0021.jpg",
        "sharpness": 15.120553744916318,
        "transform_matrix": [
          [
            0.9225812427709,
            0.12447988158997927,
            0.36516928887208416,
            1.6704495235487875
          ],
          [
            0.3751470100600882,
            -0.06853030396195439,
            -0.9244286442317189,
            -4.343407853656639
          ],
          [
            -0.09004760580837474,
            0.9898526943344489,
            -0.10992302838780191,
            -0.9550060516451607
          ],
          [
            0.0,
            0.0,
            0.0,
            1.0
          ]
        ]
      },
      {
        "file_path": "./train/0022.jpg",
        "sharpness": 15.845205267833228,
        "transform_matrix": [
          [
            0.9293005041203387,
            0.16855266711503367,
            0.3286191890605153,
            1.1726530746935515
          ],
          [
            0.3371300197505659,
            -0.023807625523530086,
            -0.9411570255510767,
            -4.450819652134741
          ],
          [
            -0.15081088423768707,
            0.9854050919994007,
            -0.0789486023944266,
            -0.7716397923215441
          ],
          [
            0.0,
            0.0,
            0.0,
            1.0
          ]
        ]
      },
      {
        "file_path": "./train/0047.jpg",
        "sharpness": 12.053268611835362,
        "transform_matrix": [
          [
            0.9152931966500133,
            0.19715145568392206,
            0.35124018513918365,
            2.025774923514687
          ],
          [
            0.3340379614047704,
            0.115733447197589,
            -0.9354273940475251,
            -3.712274824109228
          ],
          [
            -0.2250711098435645,
            0.9735178851390781,
            0.04007396650016653,
            0.19075569661171946
          ],
          [
            0.0,
            0.0,
            0.0,
            1.0
          ]
        ]
      },
      {
        "file_path": "./train/0027.jpg",
        "sharpness": 12.033900099082985,
        "transform_matrix": [
          [
            0.9768997351980545,
            0.21153875926336269,
            0.030302816172524713,
            0.16228158759681882
          ],
          [
            -0.0028168748701809824,
            0.15453656490180664,
            -0.9879830541656831,
            -3.42742512857411
          ],
          [
            -0.2136796025695892,
            0.9650750247532488,
            0.15156260754603024,
            0.28012535995300725
          ],
          [
            0.0,
            0.0,
            0.0,
            1.0
          ]
        ]
      },
      {
        "file_path": "./train/0024.jpg",
        "sharpness": 13.011058132867548,
        "transform_matrix": [
          [
            0.9317180349249302,
            0.3404301765674138,
            0.12652587975036236,
            0.446451036816895
          ],
          [
            0.12762776786142865,
            0.01925337189791811,
            -0.9916352457105916,
            -4.216590448358274
          ],
          [
            -0.3400186116052725,
            0.9400726581050154,
            -0.02550962971756381,
            -0.3733880798154649
          ],
          [
            0.0,
            0.0,
            0.0,
            1.0
          ]
        ]
      },
      {
        "file_path": "./train/0023.jpg",
        "sharpness": 12.691959549585981,
        "transform_matrix": [
          [
            0.9336663812005774,
            0.26306434336232765,
            0.24303135566396147,
            0.8061986026027119
          ],
          [
            0.25041487610777324,
            0.005626444682678479,
            -0.9681222716880329,
            -4.394834799171232
          ],
          [
            -0.2560458521748571,
            0.9647618847855429,
            -0.060622002705548496,
            -0.6400289019903824
          ],
          [
            0.0,
            0.0,
            0.0,
            1.0
          ]
        ]
      },
      {
        "file_path": "./train/0040.jpg",
        "sharpness": 7.892445959859698,
        "transform_matrix": [
          [
            0.8248861938878674,
            0.4145557044334346,
            -0.38432581883550815,
            -0.4313759447997088
          ],
          [
            -0.4601213102473059,
            0.0974093079501403,
            -0.8824963493268474,
            -2.828721755667265
          ],
          [
            -0.3284069837149877,
            0.9047955540406238,
            0.2710975071786493,
            0.8234184268469286
          ],
          [
            0.0,
            0.0,
            0.0,
            1.0
          ]
        ]
      },
      {
        "file_path": "./train/0044.jpg",
        "sharpness": 10.253507964747637,
        "transform_matrix": [
          [
            0.9337185411939495,
            0.24431390043022552,
            0.26168760737931507,
            1.101374158730579
          ],
          [
            0.2150139697823684,
            0.20175461274541753,
            -0.955543860337457,
            -3.8193326936054324
          ],
          [
            -0.2862493294382874,
            0.9484755106266015,
            0.13585112108728448,
            0.5706790577690483
          ],
          [
            0.0,
            0.0,
            0.0,
            1.0
          ]
        ]
      },
      {
        "file_path": "./train/0034.jpg",
        "sharpness": 12.1419442778906,
        "transform_matrix": [
          [
            0.8407871322497782,
            0.42094549117295815,
            -0.3404142941667527,
            -0.8146894517559521
          ],
          [
            -0.4111963116051134,
            0.08756488373050372,
            -0.9073312429613838,
            -2.9081992516820554
          ],
          [
            -0.3521286576360372,
            0.9028495359491554,
            0.24671466083467875,
            0.7514865152823155
          ],
          [
            0.0,
            0.0,
            0.0,
            1.0
          ]
        ]
      },
      {
        "file_path": "./train/0041.jpg",
        "sharpness": 11.995618778684886,
        "transform_matrix": [
          [
            0.9042150744963182,
            0.3645548363530389,
            -0.22247442620203284,
            -0.08773416975710342
          ],
          [
            -0.2917423440003907,
            0.14681884301058024,
            -0.9451616962448424,
            -3.3811858952525053
          ],
          [
            -0.3118998296472739,
            0.9195346641614203,
            0.2391118935445896,
            0.7170573693339144
          ],
          [
            0.0,
            0.0,
            0.0,
            1.0
          ]
        ]
      },
      {
        "file_path": "./train/0033.jpg",
        "sharpness": 12.825729545140812,
        "transform_matrix": [
          [
            0.8879831941998354,
            0.376877052680236,
            -0.26353279482905617,
            -0.7135288271491035
          ],
          [
            -0.32409988330207007,
            0.10631164243095971,
            -0.9400303720207408,
            -3.2194302514147286
          ],
          [
            -0.3262592717843845,
            0.9201421204422027,
            0.21654876061936687,
            0.6251235205746792
          ],
          [
            0.0,
            0.0,
            0.0,
            1.0
          ]
        ]
      },
      {
        "file_path": "./train/0045.jpg",
        "sharpness": 10.364828424904726,
        "transform_matrix": [
          [
            0.9179097908828613,
            0.19522427796366618,
            0.3454404392419114,
            1.3476570233569998
          ],
          [
            0.3138985905556462,
            0.17525594145295578,
            -0.9331414843563933,
            -3.8227971611900537
          ],
          [
            -0.2427123619166843,
            0.964972971768659,
            0.0995885188750233,
            0.42905967945184886
          ],
          [
            0.0,
            0.0,
            0.0,
            1.0
          ]
        ]
      },
      {
        "file_path": "./train/0046.jpg",
        "sharpness": 12.878613275673148,
        "transform_matrix": [
          [
            0.916170714983067,
            0.19724045769393755,
            0.34889457265024804,
            1.7308290150366843
          ],
          [
            0.3260366184393332,
            0.13949580719202442,
            -0.9350085792155739,
            -3.7987690504409133
          ],
          [
            -0.23309085014900094,
            0.9703798851939573,
            0.06349436156629934,
            0.25306117933799227
          ],
          [
            0.0,
            0.0,
            0.0,
            1.0
          ]
        ]
      },
      {
        "file_path": "./train/0050.jpg",
        "sharpness": 9.953126911744848,
        "transform_matrix": [
          [
            0.816656596274645,
            0.037644759890262176,
            0.5758948478521174,
            2.3341003073657287
          ],
          [
            0.5770006259116324,
            -0.03263337044565502,
            -0.8160915027282033,
            -3.2361447747463274
          ],
          [
            -0.011928178760984157,
            0.9987581965366308,
            -0.04837130725209265,
            -0.17686863378207146
          ],
          [
            0.0,
            0.0,
            0.0,
            1.0
          ]
        ]
      },
      {
        "file_path": "./train/0057.jpg",
        "sharpness": 9.817622134341777,
        "transform_matrix": [
          [
            0.29830980280836106,
            -0.15192246003586748,
            0.9423008159042336,
            3.36524835374099
          ],
          [
            0.9118055235426378,
            -0.2465056665405047,
            -0.32839860473941346,
            -1.2446249771629363
          ],
          [
            0.2821736146104928,
            0.95715961180257,
            0.064988681434048,
            0.26394118157977325
          ],
          [
            0.0,
            0.0,
            0.0,
            1.0
          ]
        ]
      },
      {
        "file_path": "./train/0056.jpg",
        "sharpness": 15.746024675321596,
        "transform_matrix": [
          [
            0.4057356027187969,
            -0.14505217244517044,
            0.9024070522353251,
            3.4435445590377043
          ],
          [
            0.87500844413149,
            -0.22362548667628895,
            -0.42936215995546,
            -1.420596374889592
          ],
          [
            0.2640811303035301,
            0.9638213055038891,
            0.03618905410925271,
            0.2280382661296513
          ],
          [
            0.0,
            0.0,
            0.0,
            1.0
          ]
        ]
      },
      {
        "file_path": "./train/0060.jpg",
        "sharpness": 10.59779184818451,
        "transform_matrix": [
          [
            0.13782546071914656,
            -0.16816941674521205,
            0.9760754016047265,
            3.2924728575391797
          ],
          [
            0.9241828976267614,
            -0.3325911707076575,
            -0.18780065201097929,
            -0.9494550332329893
          ],
          [
            0.35621638663171984,
            0.9279559043440301,
            0.10957976752588917,
            0.5532136463875337
          ],
          [
            0.0,
            0.0,
            0.0,
            1.0
          ]
        ]
      },
      {
        "file_path": "./train/0062.jpg",
        "sharpness": 8.251049135377526,
        "transform_matrix": [
          [
            0.07569106821880274,
            -0.16975305657187736,
            0.9825755756913047,
            3.166879720693614
          ],
          [
            0.9263781904366144,
            -0.3525988342207915,
            -0.1322781553536296,
            -0.6537424000465862
          ],
          [
            0.36890962371154556,
            0.9202488586568544,
            0.13056694695326374,
            0.7859722817988497
          ],
          [
            0.0,
            0.0,
            0.0,
            1.0
          ]
        ]
      },
      {
        "file_path": "./train/0059.jpg",
        "sharpness": 9.123965263308039,
        "transform_matrix": [
          [
            0.1316254693699581,
            -0.16165981444121785,
            0.9780290589633146,
            3.3123374084305635
          ],
          [
            0.9281498634109456,
            -0.3264121321583812,
            -0.17886573462879482,
            -1.2962676517274216
          ],
          [
            0.34815595191905374,
            0.9313008237634538,
            0.10708038458925948,
            0.4900717884923982
          ],
          [
            0.0,
            0.0,
            0.0,
            1.0
          ]
        ]
      },
      {
        "file_path": "./train/0064.jpg",
        "sharpness": 9.33758404476191,
        "transform_matrix": [
          [
            0.0017182797668439218,
            -0.1846478677354006,
            0.982803241968661,
            3.0746074788055044
          ],
          [
            0.9351294785605498,
            -0.3479134847655408,
            -0.06700048835350426,
            -0.20775792644966956
          ],
          [
            0.35430199806389306,
            0.9191634087732783,
            0.17207185157123767,
            0.9897852043998938
          ],
          [
            0.0,
            0.0,
            0.0,
            1.0
          ]
        ]
      },
      {
        "file_path": "./train/0065.jpg",
        "sharpness": 12.676066414236521,
        "transform_matrix": [
          [
            -0.01761234454261627,
            -0.2077259059391061,
            0.9780285033117324,
            3.0679547780340317
          ],
          [
            0.9419924071894952,
            -0.3313566390302398,
            -0.053414254297515985,
            -0.25410768714507004
          ],
          [
            0.33517176209716487,
            0.9203546738843832,
            0.2015121934642811,
            0.9310783412528287
          ],
          [
            0.0,
            0.0,
            0.0,
            1.0
          ]
        ]
      },
      {
        "file_path": "./train/0069.jpg",
        "sharpness": 10.600857764980693,
        "transform_matrix": [
          [
            -0.10290693802877196,
            -0.33641874359862395,
            0.9360729624499167,
            2.652556901723203
          ],
          [
            0.967663423380119,
            -0.251742985362676,
            0.015904979320709865,
            -0.13785466150879888
          ],
          [
            0.23029906892439084,
            0.9074403000991612,
            0.3514462129137779,
            1.051775825371298
          ],
          [
            0.0,
            0.0,
            0.0,
            1.0
          ]
        ]
      },
      {
        "file_path": "./train/0072.jpg",
        "sharpness": 11.216813587330249,
        "transform_matrix": [
          [
            0.0953755632834908,
            -0.4370460568227935,
            0.8943680708258216,
            2.8449570243664395
          ],
          [
            0.9938912658299259,
            -0.008311570526392403,
            -0.11005030439125699,
            -0.3225871126992833
          ],
          [
            0.05553065488356941,
            0.8994007238017807,
            0.43358353792085874,
            1.2714058587313277
          ],
          [
            0.0,
            0.0,
            0.0,
            1.0
          ]
        ]
      },
      {
        "file_path": "./train/0076.jpg",
        "sharpness": 10.49121667244855,
        "transform_matrix": [
          [
            0.5631128534633467,
            -0.2327119605994357,
            0.7929369821284863,
            2.670919271717939
          ],
          [
            0.7320331901740043,
            0.5857001341472643,
            -0.34796948334269556,
            -0.7128455567876733
          ],
          [
            -0.38344663610553015,
            0.776402277317735,
            0.5001681527227831,
            1.9824926309579214
          ],
          [
            0.0,
            0.0,
            0.0,
            1.0
          ]
        ]
      },
      {
        "file_path": "./train/0070.jpg",
        "sharpness": 10.77009531788531,
        "transform_matrix": [
          [
            -0.09376303691227969,
            -0.32608124913716696,
            0.9406803451964056,
            2.683704738036384
          ],
          [
            0.9711801509717419,
            -0.2379153879251537,
            0.01433117375389265,
            -0.1201380351713012
          ],
          [
            0.21912920220169926,
            0.914913814037678,
            0.33899130606611344,
            1.1435140821046061
          ],
          [
            0.0,
            0.0,
            0.0,
            1.0
          ]
        ]
      },
      {
        "file_path": "./train/0074.jpg",
        "sharpness": 8.335372556794933,
        "transform_matrix": [
          [
            0.34631650334773467,
            -0.36571071877386013,
            0.8638984602669475,
            2.796554568681589
          ],
          [
            0.9185483240617394,
            0.31930278697448283,
            -0.23305515782306488,
            -0.5150782655886542
          ],
          [
            -0.19061441674477222,
            0.8742433301821602,
            0.4465027925153328,
            1.916838124249883
          ],
          [
            0.0,
            0.0,
            0.0,
            1.0
          ]
        ]
      },
      {
        "file_path": "./train/0078.jpg",
        "sharpness": 12.338487930019193,
        "transform_matrix": [
          [
            0.6919326211711533,
            -0.10039474920228547,
            0.7149476498741182,
            2.239474690658019
          ],
          [
            0.539161625033343,
            0.7304430142213335,
            -0.4192347135685374,
            -0.8421869080642235
          ],
          [
            -0.4801395524589044,
            0.675554510965315,
            0.5595463455710445,
            2.0395397407919584
          ],
          [
            0.0,
            0.0,
            0.0,
            1.0
          ]
        ]
      },
      {
        "file_path": "./train/0077.jpg",
        "sharpness": 10.170842906415853,
        "transform_matrix": [
          [
            0.6590060095630643,
            -0.16233495889075478,
            0.7344102671194086,
            2.4168471716269195
          ],
          [
            0.6143700815519784,
            0.6794605549332747,
            -0.40110192866379674,
            -0.7779514418211987
          ],
          [
            -0.43388994254500785,
            0.7155282771395388,
            0.5475023308945327,
            2.0553501770211176
          ],
          [
            0.0,
            0.0,
            0.0,
            1.0
          ]
        ]
      },
      {
        "file_path": "./train/0079.jpg",
        "sharpness": 9.166626438810384,
        "transform_matrix": [
          [
            0.709968738301517,
            -0.0077940165674624026,
            0.7041900623475142,
            2.163592465256724
          ],
          [
            0.4467577105043733,
            0.7779514267984319,
            -0.4418134511775425,
            -0.9355968784631692
          ],
          [
            -0.54438216238232,
            0.6282760785114659,
            0.5558032299412604,
            2.172533780242187
          ],
          [
            0.0,
            0.0,
            0.0,
            1.0
          ]
        ]
      },
      {
        "file_path": "./train/0080.jpg",
        "sharpness": 8.085263471225735,
        "transform_matrix": [
          [
            0.707466551386644,
            -0.0323055379041789,
            0.7060080954624445,
            2.1209469647382813
          ],
          [
            0.4676080802953288,
            0.770438973695928,
            -0.43332028690925434,
            -0.9988557739036776
          ],
          [
            -0.5299375075357059,
            0.6366946992177163,
            0.5601661343368047,
            2.246515673966356
          ],
          [
            0.0,
            0.0,
            0.0,
            1.0
          ]
        ]
      }

    ]
}
