{
  "camera_angle_x": 1.0294659741486714,
  "camera_angle_y": 0.6333393245960666,
  "fl_x": 1697.3452655853678,
  "fl_y": 1647.8617446421447,
  "k1": 0.2789350293725819,
  "k2": -1.5111951824228766,
  "k3": 0,
  "k4": 0,
  "p1": -0.024329883756160763,
  "p2": 0.0035614948996274443,
  "is_fisheye": false,
  "cx": 995.2825247680998,
  "cy": 472.7945930195369,
  "w": 1920.0,
  "h": 1080.0,
  "aabb_scale": 16,
  "frames": [
    {
      "file_path": "./images/0003.jpg",
      "sharpness": 131.92133339981032,
      "transform_matrix": [
        [
          0.2904450337902067,
          -0.021408902261115675,
          0.9566521526920502,
          3.7517325523319114
        ],
        [
          0.956822162722163,
          -0.00555274295246378,
          -0.29062091454227,
          -1.1429392026687644
        ],
        [
          0.011533918253291595,
          0.999755383055991,
          0.01887174554853151,
          0.045496157236883716
        ],
        [
          0.0,
          0.0,
          0.0,
          1.0
        ]
      ]
    },
    {
      "file_path": "./images/0008.jpg",
      "sharpness": 152.16417086754115,
      "transform_matrix": [
        [
          0.6323712663285543,
          0.010080830419145833,
          0.774599869855292,
          3.116762091958628
        ],
        [
          0.774236996823852,
          0.025027584307123728,
          -0.6324007374860751,
          -2.528696072973098
        ],
        [
          -0.025761488138630224,
          0.999635932168089,
          0.008021773312230559,
          0.023467939795975213
        ],
        [
          0.0,
          0.0,
          0.0,
          1.0
        ]
      ]
    },
    {
      "file_path": "./images/0005.jpg",
      "sharpness": 121.82972131964891,
      "transform_matrix": [
        [
          0.4406146455266547,
          -0.012196456785656293,
          0.8976134917597051,
          3.583362627013658
        ],
        [
          0.8976960730645736,
          0.006769677434770623,
          -0.44056319849923037,
          -1.7276543970861373
        ],
        [
          -0.0007032437884649378,
          0.9999027042212949,
          0.013931530385036748,
          0.016808453911163965
        ],
        [
          0.0,
          0.0,
          0.0,
          1.0
        ]
      ]
    },
    {
      "file_path": "./images/0002.jpg",
      "sharpness": 132.23448202680675,
      "transform_matrix": [
        [
          0.21554413464209402,
          -0.02339387028428773,
          0.9762138356191572,
          3.751782669243595
        ],
        [
          0.9761542071453673,
          -0.021212754011044617,
          -0.21603930878353036,
          -0.836468922748593
        ],
        [
          0.025762179523156625,
          0.9995012485735785,
          0.018263740192734315,
          0.05083602505959451
        ],
        [
          0.0,
          0.0,
          0.0,
          1.0
        ]
      ]
    },
    {
      "file_path": "./images/0001.jpg",
      "sharpness": 141.73918739706335,
      "transform_matrix": [
        [
          0.14147749412922767,
          -0.0241687379569723,
          0.9896463968308253,
          3.770776116125571
        ],
        [
          0.9895185739251221,
          -0.025765529555896408,
          -0.14208845605430645,
          -0.5454418723677706
        ],
        [
          0.028932862148518354,
          0.999375809989428,
          0.02027017256027249,
          0.0722591933592247
        ],
        [
          0.0,
          0.0,
          0.0,
          1.0
        ]
      ]
    },
    {
      "file_path": "./images/0004.jpg",
      "sharpness": 137.3874020540518,
      "transform_matrix": [
        [
          0.36820543264605493,
          -0.012386421835720364,
          0.9296619471204538,
          3.6881968157151737
        ],
        [
          0.9297442677973086,
          0.004263809356681956,
          -0.3681812276961113,
          -1.4344834158483775
        ],
        [
          0.0005965466895541153,
          0.9999141945605289,
          0.013086162469177879,
          0.032429783428032204
        ],
        [
          0.0,
          0.0,
          0.0,
          1.0
        ]
      ]
    },
    {
      "file_path": "./images/0009.jpg",
      "sharpness": 129.59992613294287,
      "transform_matrix": [
        [
          0.6882934717645545,
          0.016802340937765076,
          0.725237738996711,
          2.9155525970274345
        ],
        [
          0.7246876960275821,
          0.02936046683454177,
          -0.6884516731140188,
          -2.7601173135619597
        ],
        [
          -0.03286091831380748,
          0.9994276583755438,
          0.008032167908115981,
          0.034393241002580184
        ],
        [
          0.0,
          0.0,
          0.0,
          1.0
        ]
      ]
    },
    {
      "file_path": "./images/0006.jpg",
      "sharpness": 131.07983641934277,
      "transform_matrix": [
        [
          0.5092634485638429,
          -0.007022775213088575,
          0.8605820243212862,
          3.471614822760334
        ],
        [
          0.860598595533122,
          0.009454506089905,
          -0.509196101400053,
          -2.0148911056756447
        ],
        [
          -0.004560408230294695,
          0.9999306440662049,
          0.01085862486094178,
          0.015861959631927377
        ],
        [
          0.0,
          0.0,
          0.0,
          1.0
        ]
      ]
    },
    {
      "file_path": "./images/0007.jpg",
      "sharpness": 128.7223341451538,
      "transform_matrix": [
        [
          0.573276645349151,
          0.0008998806053625631,
          0.8193613843182225,
          3.3060953829758026
        ],
        [
          0.8192547620688567,
          0.015539748931585499,
          -0.5732191125831758,
          -2.2839765059959003
        ],
        [
          -0.013248498958578213,
          0.999878845869735,
          0.008171343665830779,
          0.017454464500556918
        ],
        [
          0.0,
          0.0,
          0.0,
          1.0
        ]
      ]
    },
    {
      "file_path": "./images/0082.jpg",
      "sharpness": 136.76662497346769,
      "transform_matrix": [
        [
          0.06131278343130076,
          -1.8575243995094278e-05,
          0.9981186012907589,
          4.034267400088778
        ],
        [
          0.9974016830085303,
          -0.037893763149314884,
          -0.0612694495334687,
          -0.23112773474509143
        ],
        [
          0.037823607967212014,
          0.9992817732597237,
          -0.002304845113747873,
          0.0017832740057300302
        ],
        [
          0.0,
          0.0,
          0.0,
          1.0
        ]
      ]
    },
    {
      "file_path": "./images/0083.jpg",
      "sharpness": 125.75468922959094,
      "transform_matrix": [
        [
          0.1308490054592721,
          -0.0006669684518494777,
          0.9914020843851187,
          4.015052661252061
        ],
        [
          0.9911974821591765,
          -0.02023839813301212,
          -0.13083561671929422,
          -0.5239362625519691
        ],
        [
          0.020151653322414163,
          0.9997949601762592,
          -0.0019870768176405446,
          0.02167894825880157
        ],
        [
          0.0,
          0.0,
          0.0,
          1.0
        ]
      ]
    },
    {
      "file_path": "./images/0084.jpg",
      "sharpness": 151.36320097102455,
      "transform_matrix": [
        [
          0.20909392372474242,
          0.003219016606044195,
          0.9778902642900356,
          3.9563799625109057
        ],
        [
          0.9778092422924489,
          -0.013974802112346446,
          -0.2090305972660145,
          -0.851909683562194
        ],
        [
          0.012992949967272783,
          0.99989716613148,
          -0.006069630395430147,
          0.023802188679763924
        ],
        [
          0.0,
          0.0,
          0.0,
          1.0
        ]
      ]
    },
    {
      "file_path": "./images/0085.jpg",
      "sharpness": 129.31279502558078,
      "transform_matrix": [
        [
          0.2814601985753434,
          0.005050853131162797,
          0.9595596101860112,
          3.8745078179694716
        ],
        [
          0.959551931711313,
          -0.008092709659721324,
          -0.28141534854987993,
          -1.1519490202705032
        ],
        [
          0.006344049732050362,
          0.9999544974311402,
          -0.007124331546635086,
          -0.0021212801443217235
        ],
        [
          0.0,
          0.0,
          0.0,
          1.0
        ]
      ]
    },
    {
      "file_path": "./images/0086.jpg",
      "sharpness": 143.0074032061457,
      "transform_matrix": [
        [
          0.3567376784103031,
          0.006301789557283418,
          0.9341833418823935,
          3.780482807223813
        ],
        [
          0.9342044072217278,
          -0.003043581623604688,
          -0.3567251913425797,
          -1.4621391267671784
        ],
        [
          0.0005952561668083032,
          0.9999755117296771,
          -0.006972919820254954,
          -0.025505244579577847
        ],
        [
          0.0,
          0.0,
          0.0,
          1.0
        ]
      ]
    },
    {
      "file_path": "./images/0088.jpg",
      "sharpness": 176.2949884038142,
      "transform_matrix": [
        [
          0.4959946412356546,
          0.012471310189456358,
          0.8682360176169993,
          3.504904183831102
        ],
        [
          0.8682103135019258,
          0.009169039402502032,
          -0.49611166106565396,
          -2.02725560591659
        ],
        [
          -0.014148052669957896,
          0.9998801903920025,
          -0.006279925720448026,
          -0.03237387050484836
        ],
        [
          0.0,
          0.0,
          0.0,
          1.0
        ]
      ]
    },
    {
      "file_path": "./images/0087.jpg",
      "sharpness": 152.7658751595891,
      "transform_matrix": [
        [
          0.42235844095074293,
          0.008839153616055138,
          0.9063857990506933,
          3.661464984718038
        ],
        [
          0.906414148518283,
          0.0015858648183232225,
          -0.4223871167526929,
          -1.7291952468403993
        ],
        [
          -0.005170949960961928,
          0.9999596763849447,
          -0.007342130506293222,
          -0.035612177637646236
        ],
        [
          0.0,
          0.0,
          0.0,
          1.0
        ]
      ]
    },
    {
      "file_path": "./images/0089.jpg",
      "sharpness": 152.58794623273243,
      "transform_matrix": [
        [
          0.5625288676238235,
          0.016211160321164427,
          0.8266186976899654,
          3.329888211841153
        ],
        [
          0.8264963227110674,
          0.01505353516124564,
          -0.5627408103418762,
          -2.298652937176432
        ],
        [
          -0.021566215126333072,
          0.9997552647322965,
          -0.004930416304330984,
          -0.020015680380207724
        ],
        [
          0.0,
          0.0,
          0.0,
          1.0
        ]
      ]
    },
    {
      "file_path": "./images/0090.jpg",
      "sharpness": 146.68780685596238,
      "transform_matrix": [
        [
          0.6222085821667294,
          0.02138637084991802,
          0.7825593290094319,
          3.1477668542108357
        ],
        [
          0.7823284195951483,
          0.019550048954302117,
          -0.6225592658371099,
          -2.546297596049324
        ],
        [
          -0.028613356527025315,
          0.9995801212146567,
          -0.004566957466745563,
          -0.02350468033378345
        ],
        [
          0.0,
          0.0,
          0.0,
          1.0
        ]
      ]
    }
  ]
}