{
  "camera_angle_x": 0.6203866356478762,
  "camera_angle_y": 1.0315198366794016,
  "fl_x": 848.5662614082602,
  "fl_y": 846.6424696376782,
  "k1": -0.06430124600008767,
  "k2": 0.08509378334634772,
  "k3": 0,
  "k4": 0,
  "p1": -0.0092659118592565,
  "p2": 0.007959230784238098,
  "is_fisheye": false,
  "cx": 290.4655695493615,
  "cy": 452.7839737335515,
  "w": 544.0,
  "h": 960.0,
  "aabb_scale": 16,
  "frames": [
    {
      "file_path": "./images/0011.jpg",
      "sharpness": 6.82718833412587,
      "transform_matrix": [
        [
          0.47611447285866726,
          -0.022847390436407152,
          0.8790864607366438,
          3.588098446315395
        ],
        [
          0.8791485982582851,
          -0.010728363664404066,
          -0.4764269559894367,
          -2.4734520580524615
        ],
        [
          0.020316271921156207,
          0.9996813987110273,
          0.014978322065313243,
          0.472741194477619
        ],
        [
          0.0,
          0.0,
          0.0,
          1.0
        ]
      ]
    },
    {
      "file_path": "./images/0010.jpg",
      "sharpness": 5.0612723924892755,
      "transform_matrix": [
        [
          0.5308301090461305,
          0.016031408934806205,
          0.8473266130739416,
          3.7870062768345742
        ],
        [
          0.8474521679946658,
          -0.017886223307491067,
          -0.5305703591199934,
          -2.7804828097381886
        ],
        [
          0.006649682620080992,
          0.9997114968374001,
          -0.02308039812654946,
          0.2302671812025373
        ],
        [
          0.0,
          0.0,
          0.0,
          1.0
        ]
      ]
    },
    {
      "file_path": "./images/0012.jpg",
      "sharpness": 6.127445160929216,
      "transform_matrix": [
        [
          0.5643480711917026,
          -0.06690112617610913,
          0.8228216658695203,
          3.5490041850192977
        ],
        [
          0.8183626021821937,
          -0.08578071258288138,
          -0.5682643053176446,
          -2.790064265656727
        ],
        [
          0.1085997508183558,
          0.9940653442459735,
          0.006339200014800948,
          0.5238456531607179
        ],
        [
          0.0,
          0.0,
          0.0,
          1.0
        ]
      ]
    },
    {
      "file_path": "./images/0035.jpg",
      "sharpness": 24.406937404923685,
      "transform_matrix": [
        [
          -0.09790754939371553,
          -0.2740114673109572,
          0.956729756785861,
          3.274027479295102
        ],
        [
          0.9951031616311393,
          -0.01385827032017741,
          0.09786544873052787,
          0.5207431055173827
        ],
        [
          -0.013557635612801152,
          0.9616265720597234,
          0.2740265067302052,
          0.14188856999040236
        ],
        [
          0.0,
          0.0,
          0.0,
          1.0
        ]
      ]
    },
    {
      "file_path": "./images/0002.jpg",
      "sharpness": 39.252734181038555,
      "transform_matrix": [
        [
          -0.060648032393096254,
          0.10525004726959714,
          0.9925947026265618,
          4.298816304851063
        ],
        [
          0.9931164511346937,
          0.10619524702374676,
          0.04941946979663709,
          0.3430700103738662
        ],
        [
          -0.1002074381077557,
          0.9887593220926637,
          -0.11096608620763014,
          -0.6147280605583932
        ],
        [
          0.0,
          0.0,
          0.0,
          1.0
        ]
      ]
    },
    {
      "file_path": "./images/0007.jpg",
      "sharpness": 17.63643725472934,
      "transform_matrix": [
        [
          0.4629135734409901,
          0.06572451989937017,
          0.8839634104270433,
          4.0995944982559545
        ],
        [
          0.8835032363284667,
          0.04639297932528732,
          -0.46612200427166345,
          -1.951871766582059
        ],
        [
          -0.07164534116953955,
          0.9967587365651139,
          -0.03659188619518555,
          -0.1322831547045205
        ],
        [
          0.0,
          0.0,
          0.0,
          1.0
        ]
      ]
    },
    {
      "file_path": "./images/0003.jpg",
      "sharpness": 32.72811857087848,
      "transform_matrix": [
        [
          -0.016547809208694867,
          0.10899865341868138,
          0.9939041520836032,
          4.338926394774581
        ],
        [
          0.995075298373059,
          0.09895700910282858,
          0.005714973051057071,
          0.14651672199229304
        ],
        [
          -0.09773085785818697,
          0.9891040409724949,
          -0.11009938927935278,
          -0.5419900132010835
        ],
        [
          0.0,
          0.0,
          0.0,
          1.0
        ]
      ]
    },
    {
      "file_path": "./images/0004.jpg",
      "sharpness": 31.88025018025435,
      "transform_matrix": [
        [
          0.06403365032800704,
          0.10792458341479295,
          0.9920947413861909,
          4.279913283154797
        ],
        [
          0.9925816275464859,
          0.09606823529588619,
          -0.07451581593250657,
          -0.25362945323286146
        ],
        [
          -0.10335087944362914,
          0.9895065327867434,
          -0.10097235887156625,
          -0.454696569543967
        ],
        [
          0.0,
          0.0,
          0.0,
          1.0
        ]
      ]
    },
    {
      "file_path": "./images/0008.jpg",
      "sharpness": 15.474699169450062,
      "transform_matrix": [
        [
          0.5200202982163531,
          0.059898061202639866,
          0.8520511203401231,
          4.079631329582991
        ],
        [
          0.8514902745371646,
          0.04236504449323969,
          -0.5226562114559563,
          -2.5884386821447234
        ],
        [
          -0.06740327736545279,
          0.997305081324066,
          -0.028971933506356153,
          0.0017777505868955567
        ],
        [
          0.0,
          0.0,
          0.0,
          1.0
        ]
      ]
    },
    {
      "file_path": "./images/0001.jpg",
      "sharpness": 33.330154008289696,
      "transform_matrix": [
        [
          -0.06487359007704765,
          0.1047031698488683,
          0.9923853402281965,
          4.311599433465071
        ],
        [
          0.9927726777328374,
          0.10739102002974474,
          0.053568453066395405,
          0.4336544228300542
        ],
        [
          -0.10096448710971938,
          0.9886882294264504,
          -0.11091328730934277,
          -0.6436964573027631
        ],
        [
          0.0,
          0.0,
          0.0,
          1.0
        ]
      ]
    },
    {
      "file_path": "./images/0009.jpg",
      "sharpness": 21.771981700939747,
      "transform_matrix": [
        [
          0.6375478925722293,
          0.032841939936518384,
          0.7697103946443977,
          4.1142939782227215
        ],
        [
          0.7701907971564217,
          -0.0032995178395654142,
          -0.6378050244058648,
          -3.06934317340133
        ],
        [
          -0.01840708112431898,
          0.999455111612691,
          -0.027398160544989867,
          0.18166015718638745
        ],
        [
          0.0,
          0.0,
          0.0,
          1.0
        ]
      ]
    },
    {
      "file_path": "./images/0005.jpg",
      "sharpness": 27.155263650399913,
      "transform_matrix": [
        [
          0.15113287363403433,
          0.10068370101333778,
          0.9833725879965818,
          4.169652242864616
        ],
        [
          0.9824510825225142,
          0.0947062957266229,
          -0.1606878589062187,
          -0.7426242877841093
        ],
        [
          -0.10931022347084592,
          0.9904006814748052,
          -0.08460357642852775,
          -0.39801077298189025
        ],
        [
          0.0,
          0.0,
          0.0,
          1.0
        ]
      ]
    },
    {
      "file_path": "./images/0006.jpg",
      "sharpness": 24.838960965602777,
      "transform_matrix": [
        [
          0.2655216174332717,
          0.08761518114259861,
          0.960115540273507,
          3.9800114922613594
        ],
        [
          0.9589266475665289,
          0.07907631379783048,
          -0.2724089227296876,
          -1.4147488657745397
        ],
        [
          -0.09978955485466313,
          0.9930108340774423,
          -0.06302006118874542,
          -0.21229249566373593
        ],
        [
          0.0,
          0.0,
          0.0,
          1.0
        ]
      ]
    },
    {
      "file_path": "./images/0013.jpg",
      "sharpness": 5.415914124540528,
      "transform_matrix": [
        [
          0.27258552358495197,
          -0.061511592249047294,
          0.9601632446186551,
          3.2846165898381994
        ],
        [
          0.9547436453031262,
          -0.10614045837654888,
          -0.27784667507223876,
          -1.8190831319764902
        ],
        [
          0.1190029582849356,
          0.9924467376541966,
          0.029795449392136547,
          0.3250173167695723
        ],
        [
          0.0,
          0.0,
          0.0,
          1.0
        ]
      ]
    },
    {
      "file_path": "./images/0014.jpg",
      "sharpness": 6.87706225912922,
      "transform_matrix": [
        [
          0.030902032057003606,
          -0.04830217654512099,
          0.9983546284369452,
          3.226987130699725
        ],
        [
          0.9972410205993988,
          -0.06595720200295921,
          -0.03405868960476381,
          -0.1359007032000482
        ],
        [
          0.06749378673658969,
          0.996652671300579,
          0.046130700264343065,
          0.28111224481397007
        ],
        [
          0.0,
          0.0,
          0.0,
          1.0
        ]
      ]
    },
    {
      "file_path": "./images/0015.jpg",
      "sharpness": 7.031181066161805,
      "transform_matrix": [
        [
          -0.17950230569469494,
          -0.02399445792955309,
          0.9834648891570427,
          2.870636466431007
        ],
        [
          0.9826723793858952,
          -0.05131641088081021,
          0.17810564495871117,
          0.9940629617466248
        ],
        [
          0.04619433993385556,
          0.9983941565977663,
          0.03279010513879044,
          0.24727669006261835
        ],
        [
          0.0,
          0.0,
          0.0,
          1.0
        ]
      ]
    },
    {
      "file_path": "./images/0017.jpg",
      "sharpness": 7.877694104464868,
      "transform_matrix": [
        [
          -0.5590981645655201,
          0.08992931526678809,
          0.8242099008146121,
          1.9408282160435306
        ],
        [
          0.7977332723233939,
          -0.21250753106577108,
          0.564324530273427,
          1.2943906757378851
        ],
        [
          0.22590012969781842,
          0.9730124703533526,
          0.04707296362964581,
          -0.03536417860915043
        ],
        [
          0.0,
          0.0,
          0.0,
          1.0
        ]
      ]
    },
    {
      "file_path": "./images/0034.jpg",
      "sharpness": 6.005121792577312,
      "transform_matrix": [
        [
          -0.2083282913517519,
          -0.3820323727548171,
          0.9003613658723385,
          2.2115527846049248
        ],
        [
          0.9777712249377108,
          -0.10367745491770045,
          0.1822482291419606,
          0.2703264668061372
        ],
        [
          0.023722451510401747,
          0.9183148977746142,
          0.3951392081090405,
          -0.23934061731191705
        ],
        [
          0.0,
          0.0,
          0.0,
          1.0
        ]
      ]
    }
  ]
}