{
  "camera_angle_x": 0.7246259724565429,
  "camera_angle_y": 1.140447200323278,
  "fl_x": 949.7531877354087,
  "fl_y": 997.9976718301617,
  "k1": -0.057762348027589346,
  "k2": -0.04409854918547861,
  "k3": 0,
  "k4": 0,
  "p1": -0.008043083172704359,
  "p2": 0.005452691694533971,
  "is_fisheye": false,
  "cx": 386.0514535980975,
  "cy": 637.2951565431912,
  "w": 720.0,
  "h": 1280.0,
  "aabb_scale": 16,
  "frames": [
    {
      "file_path": "./images/0002.jpg",
      "sharpness": 57.77220910979375,
      "transform_matrix": [
        [
          0.40581785457727476,
          0.3804541219788061,
          -0.8310033273286341,
          -2.6306533145746362
        ],
        [
          -0.9137213883362791,
          0.18939936562260618,
          -0.35950118887332,
          -1.3782815770327925
        ],
        [
          0.02061779386318239,
          0.9051975151453379,
          0.4244907127479978,
          1.4309742381135238
        ],
        [
          0.0,
          0.0,
          0.0,
          1.0
        ]
      ]
    },
    {
      "file_path": "./images/0011.jpg",
      "sharpness": 49.77679978561283,
      "transform_matrix": [
        [
          0.9464064980394628,
          0.1831908864619167,
          -0.26599969857427497,
          -1.036489096660764
        ],
        [
          -0.3209671810236995,
          0.4416966238344237,
          -0.8377852715354485,
          -3.6752344887696404
        ],
        [
          -0.035983457756084934,
          0.8782625983474432,
          0.47682281737590504,
          2.0278969634984296
        ],
        [
          0.0,
          0.0,
          0.0,
          1.0
        ]
      ]
    },
    {
      "file_path": "./images/0003.jpg",
      "sharpness": 55.06006087634712,
      "transform_matrix": [
        [
          0.4481461929200672,
          0.382721966943929,
          -0.8078916300132387,
          -2.6779105775888112
        ],
        [
          -0.8939467948607707,
          0.19682190696990784,
          -0.4026416085026956,
          -1.4232346503833737
        ],
        [
          0.004910982864613787,
          0.9026544372068734,
          0.4303380639641673,
          1.4711850093294332
        ],
        [
          0.0,
          0.0,
          0.0,
          1.0
        ]
      ]
    },
    {
      "file_path": "./images/0015.jpg",
      "sharpness": 22.579479647031242,
      "transform_matrix": [
        [
          0.9384987900418762,
          -0.19525036135095628,
          0.2847759075797729,
          1.028369713604173
        ],
        [
          0.34439447504598036,
          0.4702226845420595,
          -0.8125780408690703,
          -2.976337895343521
        ],
        [
          0.0247480643504757,
          0.8606787573668992,
          0.5085465661929661,
          2.2873778112496486
        ],
        [
          0.0,
          0.0,
          0.0,
          1.0
        ]
      ]
    },
    {
      "file_path": "./images/0024.jpg",
      "sharpness": 81.41715593600682,
      "transform_matrix": [
        [
          0.0023840248651642196,
          -0.4779732792907363,
          0.878371140671829,
          3.532345043089957
        ],
        [
          0.9987426711431109,
          -0.0428456254607711,
          -0.026025549361225503,
          0.16261408469388813
        ],
        [
          0.05007387808230337,
          0.8773287848464103,
          0.47727016465739996,
          1.4028417615116284
        ],
        [
          0.0,
          0.0,
          0.0,
          1.0
        ]
      ]
    },
    {
      "file_path": "./images/0030.jpg",
      "sharpness": 17.16322156306961,
      "transform_matrix": [
        [
          -0.3145551697675648,
          -0.5262780017586026,
          0.7899914620381024,
          3.1880672193624773
        ],
        [
          0.9328006451393829,
          -0.3255874823800875,
          0.15451779103941868,
          0.8723283310299422
        ],
        [
          0.17589201692237164,
          0.7855089154362597,
          0.5933276853573521,
          1.7075670127915623
        ],
        [
          0.0,
          0.0,
          0.0,
          1.0
        ]
      ]
    },
    {
      "file_path": "./images/0031.jpg",
      "sharpness": 11.41945855000696,
      "transform_matrix": [
        [
          -0.35542220616221626,
          -0.4975573712181313,
          0.7912722147080066,
          3.1446442231108476
        ],
        [
          0.9143796305754577,
          -0.3606652574271786,
          0.18393059363909664,
          0.9451412456025566
        ],
        [
          0.19386837435497753,
          0.7888962127412652,
          0.5831447667653622,
          1.837072003567348
        ],
        [
          0.0,
          0.0,
          0.0,
          1.0
        ]
      ]
    },
    {
      "file_path": "./images/0035.jpg",
      "sharpness": 35.871905337632725,
      "transform_matrix": [
        [
          -0.7136935098725367,
          -0.37141467512959325,
          0.5938793759003809,
          2.4135671056322123
        ],
        [
          0.6943914288707271,
          -0.4865007577577439,
          0.5302240622743981,
          2.0888078959651346
        ],
        [
          0.09198976855669254,
          0.790802220431811,
          0.6051196003265681,
          2.152204847208022
        ],
        [
          0.0,
          0.0,
          0.0,
          1.0
        ]
      ]
    },
    {
      "file_path": "./images/0053.jpg",
      "sharpness": 14.707952357986827,
      "transform_matrix": [
        [
          0.6163943191428889,
          0.4053515670916046,
          -0.6750912163851505,
          -2.5743736362068192
        ],
        [
          -0.7838624765008015,
          0.2342591289801814,
          -0.5750498051701524,
          -1.8255069840862237
        ],
        [
          -0.0749510593488865,
          0.8836361058707103,
          0.4621358795446513,
          1.527098966318119
        ],
        [
          0.0,
          0.0,
          0.0,
          1.0
        ]
      ]
    },
    {
      "file_path": "./images/0056.jpg",
      "sharpness": 28.59568862629526,
      "transform_matrix": [
        [
          0.6883954404379583,
          0.34411588654671516,
          -0.6385107471813025,
          -2.37815518456383
        ],
        [
          -0.719390553377873,
          0.21143770751949115,
          -0.6616429003264024,
          -2.516370099643904
        ],
        [
          -0.09267658461258788,
          0.9148105555353186,
          0.39310647184203107,
          1.6024086443364982
        ],
        [
          0.0,
          0.0,
          0.0,
          1.0
        ]
      ]
    }
  ]
}